voie;name;name_norm;last_word_norm;ways
ALLEE;Allée Beaugency;BEAUGENCY;BEAUGENCY;113574041,113574047
ALLEE;Allée Bièvre;BIEVRE;BIEVRE;113574035
ALLEE;Allée Chantecler;CHANTECLER;CHANTECLER;113574058
ALLEE;Allée Charles Perrault;CHARLES PERRAULT;PERRAULT;141466855
ALLEE;Allée Charles de Gaulle;CHARLES DE GAULLE;GAULLE;193464676,193464684
ALLEE;Allée Clovis Blanc;CLOVIS BLANC;BLANC;145124244
ALLEE;Allée Edouard Manet;EDOUARD MANET;MANET;113574036
ALLEE;Allée François Piquet;FRANCOIS PIQUET;PIQUET;94887271,94887274
ALLEE;Allée Goupil;GOUPIL;GOUPIL;113574018
ALLEE;Allée Hélène Hermeline;HELENE HERMELINE;HERMELINE;113574012
ALLEE;Allée Isengrin;ISENGRIN;ISENGRIN;113574031
ALLEE;Allée J. Chapolard;J  CHAPOLARD;CHAPOLARD;113574010
ALLEE;Allée Jean Macé;JEAN MACE;MACE;112975768
ALLEE;Allée Loys Van Boghem;LOYS VAN BOGHEM;BOGHEM;156267968,156267970
ALLEE;Allée Lucie et Raymond Aubrac;LUCIE ET RAYMOND AUBRAC;AUBRAC;244836555
ALLEE;Allée Léo Ferré;LEO FERRE;FERRE;113557782
ALLEE;Allée Martin Luther King;MARTIN LUTHER KING;KING;178312323
ALLEE;Allée Maurice Ravel;MAURICE RAVEL;RAVEL;133130878
ALLEE;Allée Michel Branciard;MICHEL BRANCIARD;BRANCIARD;310201323
ALLEE;Allée Pacifique Rousselet;PACIFIQUE ROUSSELET;ROUSSELET;113575772,311396931
ALLEE;Allée Percehaie;PERCEHAIE;PERCEHAIE;107255090
ALLEE;Allée Philibert Commerson;PHILIBERT COMMERSON;COMMERSON;113575781
ALLEE;Allée Pierre F. Blancdesiles;PIERRE F  BLANCDESILES;BLANCDESILES;255911685
ALLEE;Allée Pierre Mendès France;PIERRE MENDES FRANCE;FRANCE;94524856
ALLEE;Allée Renardel;RENARDEL;RENARDEL;305138743
ALLEE;Allée René Dubos;RENE DUBOS;DUBOS;113971199
ALLEE;Allée Samuel Morse;SAMUEL MORSE;MORSE;133132279
ALLEE;Allée Simone Signoret;SIMONE SIGNORET;SIGNORET;113574042
ALLEE;Allée Sébastien Castellion;SEBASTIEN CASTELLION;CASTELLION;548094964
ALLEE;Allée Vincent Benony;VINCENT BENONY;BENONY;53570475
ALLEE;Allée de Challes;DE CHALLES;CHALLES;53565125,53568531,53568557,53568574,93593109,94351047
ALLEE;Allée de Loëze;DE LOEZE;LOEZE;367588013
ALLEE;Allée de la Cedraie;DE LA CEDRAIE;CEDRAIE;112795374
ALLEE;Allée de la Chagne;DE LA CHAGNE;CHAGNE;192241625
ALLEE;Allée de la Colombière;DE LA COLOMBIERE;COLOMBIERE;53570473
ALLEE;Allée de la Ferme Gallo Romaine;DE LA FERME GALLO ROMAINE;ROMAINE;113574040
ALLEE;Allée de la Nouba;DE LA NOUBA;NOUBA;133033392,384963792
ALLEE;Allée de la Petite Reyssouze;DE LA PETITE REYSSOUZE;REYSSOUZE;53570469,234828813
ALLEE;Allée des 1er et 5e R.T.M.;DES 1ER ET 5E R T M;M;7999290,7999299
ALLEE;Allée des Aviateurs;DES AVIATEURS;AVIATEURS;112795610
ALLEE;Allée des Aéroplanes;DES AEROPLANES;AEROPLANES;145004719
ALLEE;Allée des Bolets;DES BOLETS;BOLETS;38517567
ALLEE;Allée des Bouvreuils;DES BOUVREUILS;BOUVREUILS;112794595
ALLEE;Allée des Brotteaux;DES BROTTEAUX;BROTTEAUX;133036984,621838126
ALLEE;Allée des Charmettes;DES CHARMETTES;CHARMETTES;51183382,51183383,51183384
ALLEE;Allée des Chevreuils;DES CHEVREUILS;CHEVREUILS;112794583
ALLEE;Allée des Cités du Peloux;DES CITES DU PELOUX;PELOUX;145124233
ALLEE;Allée des Colombes;DES COLOMBES;COLOMBES;112794582
ALLEE;Allée des Coquelicots;DES COQUELICOTS;COQUELICOTS;133130885
ALLEE;Allée des Coucous;DES COUCOUS;COUCOUS;112794598
ALLEE;Allée des Demoiselles;DES DEMOISELLES;DEMOISELLES;133131779
ALLEE;Allée des Enfants de la Colonie d'Izieu;DES ENFANTS DE LA COLONIE D IZIEU;IZIEU;94744446
ALLEE;Allée des Girolles;DES GIROLLES;GIROLLES;38517565,38517569
ALLEE;Allée des Glaneuses;DES GLANEUSES;GLANEUSES;113574033
ALLEE;Allée des Glorieuses;DES GLORIEUSES;GLORIEUSES;53565113,621838127
ALLEE;Allée des Lilas;DES LILAS;LILAS;137955214
ALLEE;Allée des Martinets;DES MARTINETS;MARTINETS;112794599
ALLEE;Allée des Merles;DES MERLES;MERLES;112794596
ALLEE;Allée des Moineaux;DES MOINEAUX;MOINEAUX;112794586
ALLEE;Allée des Morilles;DES MORILLES;MORILLES;51183375
ALLEE;Allée des Myosotis;DES MYOSOTIS;MYOSOTIS;133130867
ALLEE;Allée des Mésanges;DES MESANGES;MESANGES;112794592
ALLEE;Allée des Nénuphars;DES NENUPHARS;NENUPHARS;141347524
ALLEE;Allée des Pins;DES PINS;PINS;112795381
ALLEE;Allée des Pinsons;DES PINSONS;PINSONS;112794581
ALLEE;Allée des Piverts;DES PIVERTS;PIVERTS;112794585
ALLEE;Allée des Primevères;DES PRIMEVERES;PRIMEVERES;145125333
ALLEE;Allée des Robiniers;DES ROBINIERS;ROBINIERS;389659587
ALLEE;Allée des Roseaux;DES ROSEAUX;ROSEAUX;141350362
ALLEE;Allée des Roses;DES ROSES;ROSES;133131777
ALLEE;Allée des Sorbiers;DES SORBIERS;SORBIERS;389659590
ALLEE;Allée des Tanneries;DES TANNERIES;TANNERIES;94749500
ALLEE;Allée des Tiercelets;DES TIERCELETS;TIERCELETS;389659615
ALLEE;Allée des Tramways de l'Ain;DES TRAMWAYS DE L AIN;AIN;133034311
ALLEE;Allée des Violets;DES VIOLETS;VIOLETS;210968451
ALLEE;Allée des Écoliers;DES ECOLIERS;ECOLIERS;141350339
ALLEE;Allée des Épinettes;DES EPINETTES;EPINETTES;133131757
ALLEE;Allée du 14 Juillet 1789;DU 14 JUILLET 1789;1789;367588018
ALLEE;Allée du 1er Mai;DU 1ER MAI;MAI;53539633
ALLEE;Allée du Centre Nautique;DU CENTRE NAUTIQUE;NAUTIQUE;45652059,53565105,141347522
ALLEE;Allée du Champ de Mars;DU CHAMP DE MARS;MARS;94884996
ALLEE;Allée du Château de Challes;DU CHATEAU DE CHALLES;CHALLES;133131766
ALLEE;Allée du Clos Terrasson;DU CLOS TERRASSON;TERRASSON;255679286
ALLEE;Allée du Communal;DU COMMUNAL;COMMUNAL;94746322,145408278,189527836
ALLEE;Allée du Docteur Schweitzer;DU DOCTEUR SCHWEITZER;SCHWEITZER;145421139
ALLEE;Allée du Dévorah;DU DEVORAH;DEVORAH;113574039
ALLEE;Allée du Forail;DU FORAIL;FORAIL;93593781
ALLEE;Allée du Four à Chaux;DU FOUR A CHAUX;CHAUX;113574005,113574024,113574044
ALLEE;Allée du Furet;DU FURET;FURET;112794589
ALLEE;Allée du Garou;DU GAROU;GAROU;305136587
ALLEE;Allée du Luxembourg;DU LUXEMBOURG;LUXEMBOURG;53568578
ALLEE;Allée du Moulin de Brou;DU MOULIN DE BROU;BROU;51183398,576985249,583013674,583013675
ALLEE;Allée du Moulin des Loups;DU MOULIN DES LOUPS;LOUPS;113574015
ALLEE;Allée du Pavillon;DU PAVILLON;PAVILLON;223455850,492881744
ALLEE;Allée du Point du Jour;DU POINT DU JOUR;JOUR;265485966
ALLEE;Allée du Pré Neuf;DU PRE NEUF;NEUF;141350359
ALLEE;Allée du Rouge Gorge;DU ROUGE GORGE;GORGE;112794584
ALLEE;Allée du Stade Louis Parant;DU STADE LOUIS PARANT;PARANT;145096266
AVENUE;Avenue Alphonse Baudin;ALPHONSE BAUDIN;BAUDIN;53539616
AVENUE;Avenue Alphonse Muscat;ALPHONSE MUSCAT;MUSCAT;94527012,94697028,235884909,235884910
AVENUE;Avenue Alsace-Lorraine;ALSACE LORRAINE;LORRAINE;7999239,24357182,296678978
AVENUE;Avenue Amédée Mercier;AMEDEE MERCIER;MERCIER;53565115,53565118,53565120,53568545,53570480,219893721,232824260,232824261,232824262,235884911,235884912,243867264,243867265,511671939,511671940,511671942,511671945,599073362,599073363,630478580
AVENUE;Avenue Arsène d'Arsonval;ARSENE D ARSONVAL;ARSONVAL;93335108,239596868,239596872,239596877
AVENUE;Avenue Capitaine Dhonne;CAPITAINE DHONNE;DHONNE;48206725,48206726,94351989
AVENUE;Avenue François Pignier;FRANCOIS PIGNIER;PIGNIER;94352012
AVENUE;Avenue Jean Jaurès;JEAN JAURES;JAURES;28902701,598656021,598656022,598656023
AVENUE;Avenue Jean-Marie Verne;JEAN MARIE VERNE;VERNE;7999185,163963563,163963564,163963565,334712925
AVENUE;Avenue Louis Jourdan;LOUIS JOURDAN;JOURDAN;11613308,235884913
AVENUE;Avenue Maginot;MAGINOT;MAGINOT;11613496,37617409,51183368,51183369,334712926,528473482
AVENUE;Avenue Pablo Picasso;PABLO PICASSO;PICASSO;53570474
AVENUE;Avenue Paul Barberot;PAUL BARBEROT;BARBEROT;435463534,530287262,621838128,621838129,621838130
AVENUE;Avenue Pierre Semard;PIERRE SEMARD;SEMARD;11245892,235499532,370108952,528473484,528473498,598656020
AVENUE;Avenue d'Aylesbury;D AYLESBURY;AYLESBURY;94352263
AVENUE;Avenue de Bad Kreuznach;DE BAD KREUZNACH;KREUZNACH;7999151,7999153,7999154,7999156,7999165,7999168,7999172,7999196,226009480,265886199,332060752,424361551,424361552,424361555,424361557,424361558,424361559,424361561,424361562
AVENUE;Avenue de Jasseron;DE JASSERON;JASSERON;192242654,192548618,238295495,264915937
AVENUE;Avenue de Lyon;DE LYON;LYON;48616240
AVENUE;Avenue de Marboz;DE MARBOZ;MARBOZ;37617410,48205311,48205312,94935253,94935257,255911681
AVENUE;Avenue de Mâcon;DE MACON;MACON;53539637,53539657,265886200,334712927
AVENUE;Avenue de Parme;DE PARME;PARME;7999149,53540926,53540928
AVENUE;Avenue de San Severo;DE SAN SEVERO;SEVERO;113574004
AVENUE;Avenue de l'Égalité;DE L EGALITE;EGALITE;45654358,48205306,48205314,141466856,141466859
AVENUE;Avenue de la Victoire;DE LA VICTOIRE;VICTOIRE;48616247,48616257
AVENUE;Avenue des Anciens Combattants;DES ANCIENS COMBATTANTS;COMBATTANTS;48616246,48616254,48616259
AVENUE;Avenue des Belges;DES BELGES;BELGES;7999262
AVENUE;Avenue des Granges Bardes;DES GRANGES BARDES;BARDES;257538373
AVENUE;Avenue des Sports;DES SPORTS;SPORTS;53568573,53568576,156267995,229120314,234804134,235910760,424547604,527766034,527766535
AVENUE;Avenue du Champ de Foire;DU CHAMP DE FOIRE;FOIRE;7999238,11327986,412155108,477789554
AVENUE;Avenue du Mail;DU MAIL;MAIL;48616241,48616249,48616251,48616252,48616253,163963566
AVENUE;Avenue du Maréchal Juin;DU MARECHAL JUIN;JUIN;32720332,32720390,661299037
BOULEVARD;Boulevard André Levrier;ANDRE LEVRIER;LEVRIER;156267971,435463532
BOULEVARD;Boulevard Charles de Gaulle;CHARLES DE GAULLE;GAULLE;51183370,51183373,51183396,51183397,51183405,51183406,235910761,235910762,235910763,235910764,235910765,235910766,235910767,235910768
BOULEVARD;Boulevard Irène Joliot Curie;IRENE JOLIOT CURIE;CURIE;156267979,435463533,539203852
BOULEVARD;Boulevard John Kennedy;JOHN KENNEDY;KENNEDY;51183395,156267974,235910769,235910770,599073364
BOULEVARD;Boulevard Jules Ferry;JULES FERRY;FERRY;112975785,255493102,334712929
BOULEVARD;Boulevard Paul Bert;PAUL BERT;BERT;7999225,94502539,435048045,527848657,528473493
BOULEVARD;Boulevard Paul Valéry;PAUL VALERY;VALERY;7999180,28902703,28902704,381409503,381409504,606797787
BOULEVARD;Boulevard Raoul Follereau;RAOUL FOLLEREAU;FOLLEREAU;53540927,53540931,255979284
BOULEVARD;Boulevard Saint-Nicolas;SAINT NICOLAS;NICOLAS;7999206,311405550,311405553,424547600,424547603
BOULEVARD;Boulevard Victor Hugo;VICTOR HUGO;HUGO;7999155,334712930,369604878
BOULEVARD;Boulevard Voltaire;VOLTAIRE;VOLTAIRE;28902791,94691411
BOULEVARD;Boulevard de Brou;DE BROU;BROU;51183378,51183379,156267976,163963567,163963568,232824264,255861973,369604879,369604880,369604881,369604882,424547599,424547601,424794082,424794084,424794086,424794087,661299039
BOULEVARD;Boulevard de l'Hippodrome;DE L HIPPODROME;HIPPODROME;38596947,38596949,38596952
BOULEVARD;Boulevard de la Grange du Bois;DE LA GRANGE DU BOIS;BOIS;192242652
BOULEVARD;Boulevard des Crêtes du Revermont;DES CRETES DU REVERMONT;REVERMONT;7999242,7999252,7999261
BOULEVARD;Boulevard du 8 Mai 1945;DU 8 MAI 1945;1945;7999248,28902706,225870714
BOULEVARD;Boulevard du Bois de Tharlet;DU BOIS DE THARLET;THARLET;145100479,192537680,652321767
BOULEVARD;Boulevard du Maréchal Leclerc;DU MARECHAL LECLERC;LECLERC;11613350,235884914
BOULEVARD;Boulevard Édouard Herriot;EDOUARD HERRIOT;HERRIOT;232168180,232168182,265886201,435458877,435458878,435458879,531802775,531802776,531802777,531802778
BOULEVARD;Boulevard Émile Huchet;EMILE HUCHET;HUCHET;28902702,606797786
CARREFOUR;Carrefour de l'Europe;DE L EUROPE;EUROPE;7999258,11244169,53565133,238295496,424547602,435465992,527766433,527766434
CHEMIN;Chemin d'Eternaz;D ETERNAZ;ETERNAZ;94338561
CHEMIN;Chemin de Cuegres;DE CUEGRES;CUEGRES;92164032
CHEMIN;Chemin de Curtafray;DE CURTAFRAY;CURTAFRAY;38306424,38517542,38517543,38596942,244831731
CHEMIN;Chemin de Majornas;DE MAJORNAS;MAJORNAS;116763166,436970463
CHEMIN;Chemin de Saint-Georges;DE SAINT GEORGES;GEORGES;48205309
CHEMIN;Chemin de Tharlet;DE THARLET;THARLET;77213774,187933460,187933462
CHEMIN;Chemin de Tirand;DE TIRAND;TIRAND;113574029
CHEMIN;Chemin de l'Alagnier;DE L ALAGNIER;ALAGNIER;38596945,113969595,193476455,225870715,276517391
CHEMIN;Chemin de la Chagne;DE LA CHAGNE;CHAGNE;113557780
CHEMIN;Chemin de la Ferme Poupon;DE LA FERME POUPON;POUPON;113574038,134027177
CHEMIN;Chemin de la Garde;DE LA GARDE;GARDE;112975748,112975776,112975784
CHEMIN;Chemin de la Hulotte;DE LA HULOTTE;HULOTTE;113574032,113574037,113574045,134027179,310229799,310229802
CHEMIN;Chemin de la Miche;DE LA MICHE;MICHE;93726116
CHEMIN;Chemin de la Perrinche;DE LA PERRINCHE;PERRINCHE;92164030,265485967
CHEMIN;Chemin de la Petite Aventure;DE LA PETITE AVENTURE;AVENTURE;229125470
CHEMIN;Chemin de la Providence;DE LA PROVIDENCE;PROVIDENCE;38517528,38517540,38517541,51183402,51183403
CHEMIN;Chemin de la Serpoyère;DE LA SERPOYERE;SERPOYERE;130545917,187933465,187933468
CHEMIN;Chemin des Boutons d'Or;DES BOUTONS D OR;OR;133130879
CHEMIN;Chemin des Carronnières;DES CARRONNIERES;CARRONNIERES;145100438,145100468
CHEMIN;Chemin des Coupes Blanches;DES COUPES BLANCHES;BLANCHES;93736692,561333732
CHEMIN;Chemin des Lazaristes;DES LAZARISTES;LAZARISTES;195732618
CHEMIN;Chemin des Narcisses;DES NARCISSES;NARCISSES;38517560,38517563,193476478
CHEMIN;Chemin des Pâquerettes;DES PAQUERETTES;PAQUERETTES;53540930,145126944,145126946,185983652
CHEMIN;Chemin des Pêcheurs;DES PECHEURS;PECHEURS;113574022
CHEMIN;Chemin des Quarante Coupées;DES QUARANTE COUPEES;COUPEES;113574020,145104089
CHEMIN;Chemin des Roules;DES ROULES;ROULES;130542193
CHEMIN;Chemin des Sardières;DES SARDIERES;SARDIERES;107255094,133131759
CHEMIN;Chemin du Canal;DU CANAL;CANAL;95067038,141466848,141466851,175699675
CHEMIN;Chemin du Dévorah;DU DEVORAH;DEVORAH;113557774
CHEMIN;Chemin du Lac;DU LAC;LAC;38517527
CHEMIN;Chemin du Moulin des Loups;DU MOULIN DES LOUPS;LOUPS;107255769,113574028,145100483,210947566,210947567,305142237,305142238,305142239,305142240,621811969,661299038
CHEMIN;Chemin du Plan;DU PLAN;PLAN;7999147
COURS;Cours de Verdun;DE VERDUN;VERDUN;7999282,24357177,53539651
;Dépose Minute;DEPOSE MINUTE;MINUTE;370108954
ESPLANADE;Esplanade de la Comédie;DE LA COMEDIE;COMEDIE;300969857
IMPASSE;Impasse Alfred Chanut;ALFRED CHANUT;CHANUT;53568542
IMPASSE;Impasse Auguste Perrodin;AUGUSTE PERRODIN;PERRODIN;95067035
IMPASSE;Impasse Bara;BARA;BARA;53539626
IMPASSE;Impasse Comte de la Teyssonnière;COMTE DE LA TEYSSONNIERE;TEYSSONNIERE;132614449
IMPASSE;Impasse Gabriel Vicaire;GABRIEL VICAIRE;VICAIRE;94891301,332060760
IMPASSE;Impasse Jean Jaurès;JEAN JAURES;JAURES;53539617
IMPASSE;Impasse Lazare-Carnot;LAZARE CARNOT;CARNOT;263836998
IMPASSE;Impasse Littre;LITTRE;LITTRE;189531447
IMPASSE;Impasse Louis Mouthier;LOUIS MOUTHIER;MOUTHIER;255861975
IMPASSE;Impasse Marcelin Berthelot;MARCELIN BERTHELOT;BERTHELOT;255493103
IMPASSE;Impasse Molière;MOLIERE;MOLIERE;112580431
IMPASSE;Impasse Paul Berliet;PAUL BERLIET;BERLIET;161804492
IMPASSE;Impasse Saint-Roch;SAINT ROCH;ROCH;112975778
IMPASSE;Impasse de Cuiron;DE CUIRON;CUIRON;112795616
IMPASSE;Impasse de Fenille;DE FENILLE;FENILLE;112975782
IMPASSE;Impasse de l'Est;DE L EST;EST;112975753
IMPASSE;Impasse des Arbelles;DES ARBELLES;ARBELLES;255927008
IMPASSE;Impasse des Bois de Tharlet;DES BOIS DE THARLET;THARLET;189354773
IMPASSE;Impasse des Granges Bardes;DES GRANGES BARDES;BARDES;133038241
IMPASSE;Impasse des Guillermettes;DES GUILLERMETTES;GUILLERMETTES;113969603
IMPASSE;Impasse des Hauts de Challes;DES HAUTS DE CHALLES;CHALLES;113574025
IMPASSE;Impasse des Jonquilles;DES JONQUILLES;JONQUILLES;53565112
IMPASSE;Impasse des Lazaristes;DES LAZARISTES;LAZARISTES;105919306
IMPASSE;Impasse des Oubliés;DES OUBLIES;OUBLIES;94885984
IMPASSE;Impasse des Sardières;DES SARDIERES;SARDIERES;113969593
IMPASSE;Impasse du Chèvrefeuille;DU CHEVREFEUILLE;CHEVREFEUILLE;53565117
IMPASSE;Impasse du Four Bâgé;DU FOUR BAGE;BAGE;263843037,290225983,290225984
IMPASSE;Impasse du Lycée;DU LYCEE;LYCEE;141323346
IMPASSE;Impasse du Moulin des Halles;DU MOULIN DES HALLES;HALLES;383593452
IMPASSE;Impasse le Chenil;LE CHENIL;CHENIL;133131786
;Laiterie;LAITERIE;LAITERIE;239596878,239596880
MAIL;Mail de la Conférence de Rio;DE LA CONFERENCE DE RIO;RIO;389659618
;Marc Seguin;MARC SEGUIN;SEGUIN;239596875,239596876
MONTEE;Montée du Bastion;DU BASTION;BASTION;7999232
PARVIS;Parvis Martin Luther King;MARTIN LUTHER KING;KING;178312322
PASSAGE;Passage Louise Michel;LOUISE MICHEL;MICHEL;53539652
PASSAGE;Passage Marron de Meillonnas;MARRON DE MEILLONNAS;MEILLONNAS;93337163,94525673,141465654
PASSAGE;Passage Robert Turrel;ROBERT TURREL;TURREL;145126230
PASSAGE;Passage de l'École du Peloux;DE L ECOLE DU PELOUX;PELOUX;132614450
PASSAGE;Passage des Cordeliers;DES CORDELIERS;CORDELIERS;28902751,94525746,94525747,133034317,141322769,141465657,141466838,141466843,141466849,141466854
PASSAGE;Passage des Jardiniers;DES JARDINIERS;JARDINIERS;133029703
PASSAGE;Passage des Tanneries;DES TANNERIES;TANNERIES;94749503,141466840,141466858
PASSAGE;Passage des Visitandines;DES VISITANDINES;VISITANDINES;94885990,134511037,134511039
PASSAGE;Passage du Lavoir;DU LAVOIR;LAVOIR;133037539
PISTE;Piste d'Éducation Routière;D EDUCATION ROUTIERE;ROUTIERE;145421137
PISTE;Piste de BMX;DE BMX;BMX;229123074,518282811,518282813
PLACE;Place Alexandre Dumas;ALEXANDRE DUMAS;DUMAS;658098302
PLACE;Place Alfred de Musset;ALFRED DE MUSSET;MUSSET;112580428
PLACE;Place Alphonse Dupont;ALPHONSE DUPONT;DUPONT;263837003
PLACE;Place Bel Air;BEL AIR;AIR;145418112
PLACE;Place Bernard;BERNARD;BERNARD;94748848
PLACE;Place Bichat;BICHAT;BICHAT;94525670
PLACE;Place Camille Claudel;CAMILLE CLAUDEL;CLAUDEL;147010290
PLACE;Place Charles Démia;CHARLES DEMIA;DEMIA;145004733,477684982
PLACE;Place Cyclamens;CYCLAMENS;CYCLAMENS;145125334
PLACE;Place Edgar Quinet;EDGAR QUINET;QUINET;7999163,94525676
PLACE;Place Fénelon;FENELON;FENELON;145416731
PLACE;Place Georges Clemenceau;GEORGES CLEMENCEAU;CLEMENCEAU;11613829,93593108
PLACE;Place Georges Loiseau;GEORGES LOISEAU;LOISEAU;133037542
PLACE;Place Gustave Doré;GUSTAVE DORE;DORE;7999164,310128298
PLACE;Place Jean Jacques Rousseau;JEAN JACQUES ROUSSEAU;ROUSSEAU;112580409,112580414,112580424,112580434,265485968,528473480,528473489
PLACE;Place Jean-Michel Bertrand;JEAN MICHEL BERTRAND;BERTRAND;601084651
PLACE;Place Joubert;JOUBERT;JOUBERT;11326260
PLACE;Place Louis Blériot;LOUIS BLERIOT;BLERIOT;48247151,175699680,384963777
PLACE;Place Neuve;NEUVE;NEUVE;53539655
PLACE;Place Parmentier;PARMENTIER;PARMENTIER;133029729,514135889
PLACE;Place Perrier Labalme;PERRIER LABALME;LABALME;133034319,141322604,141322605
PLACE;Place Pierre Goujon;PIERRE GOUJON;GOUJON;94744449
PLACE;Place Saint-Vincent de Paul;SAINT VINCENT DE PAUL;PAUL;263843038
PLACE;Place de l'Hôtel de Ville;DE L HOTEL DE VILLE;VILLE;11326651,11613890
PLACE;Place de la Basilique;DE LA BASILIQUE;BASILIQUE;257664889
PLACE;Place de la Grenette;DE LA GRENETTE;GRENETTE;300969862
PLACE;Place de la Grenouillère;DE LA GRENOUILLERE;GRENOUILLERE;257603912,257603913,257603915
PLACE;Place de la Libération;DE LA LIBERATION;LIBERATION;53539659
PLACE;Place de la Rochefoucauld;DE LA ROCHEFOUCAULD;ROCHEFOUCAULD;145000842
PLACE;Place de la Vinaigrerie;DE LA VINAIGRERIE;VINAIGRERIE;108259628
PLACE;Place des Bons Enfants;DES BONS ENFANTS;ENFANTS;94525954
PLACE;Place des Ebaudis;DES EBAUDIS;EBAUDIS;145096260,436970465
PLACE;Place des Reinettes;DES REINETTES;REINETTES;389659591
PLACE;Place du Docteur Touillon;DU DOCTEUR TOUILLON;TOUILLON;145104766
PLACE;Place du Maquis;DU MAQUIS;MAQUIS;7999219
PLACE;Place du Palais;DU PALAIS;PALAIS;133035291
PONT;Pont Jean-Michel Bertrand;JEAN MICHEL BERTRAND;BERTRAND;133036960
;Pâquerettes;PAQUERETTES;PAQUERETTES;239596874,239596879
QUAI;Quai Henri Groboz;HENRI GROBOZ;GROBOZ;93593875
ROCADE;Rocade Sud-Est de Bourg;SUD EST DE BOURG;BOURG;124368522,573611303,573611305
ROND POINT;Rond-Point de Bouvent;DE BOUVENT;BOUVENT;38517504
ROND POINT;Rond-Point de Loeze;DE LOEZE;LOEZE;53565123
ROND POINT;Rond-Point de Strasbourg;DE STRASBOURG;STRASBOURG;7999169
ROND POINT;Rond-Point de l'Hippodrome;DE L HIPPODROME;HIPPODROME;38596971
ROND POINT;Rond-Point de l'Innovation;DE L INNOVATION;INNOVATION;192238500
ROND POINT;Rond-Point de la Chagne;DE LA CHAGNE;CHAGNE;166564607
ROND POINT;Rond-Point des Crets;DES CRETS;CRETS;37617458
ROND POINT;Rond-Point des Martins-Pêcheurs;DES MARTINS PECHEURS;PECHEURS;192548619
ROND POINT;Rond-Point du Dévorah;DU DEVORAH;DEVORAH;141347515
ROND POINT;Rond-Point du Gymnase;DU GYMNASE;GYMNASE;107255087
ROND POINT;Rond-Point du Mont Myon;DU MONT MYON;MYON;7999237
ROND POINT;Rond-Point du Moulin des Loups;DU MOULIN DES LOUPS;LOUPS;145100470
ROND POINT;Rond-Point du Stand;DU STAND;STAND;28902705
ROUTE;Route de Ceyzériat;DE CEYZERIAT;CEYZERIAT;166270742,243867266
ROUTE;Route de Lent;DE LENT;LENT;440087572
ROUTE;Route de Seillon;DE SEILLON;SEILLON;38596978
ROUTE;Route de Strasbourg;DE STRASBOURG;STRASBOURG;424361549
RUE;Rue Abbé Cottard Josserand;ABBE COTTARD JOSSERAND;JOSSERAND;94342914
RUE;Rue Abbé Gorini;ABBE GORINI;GORINI;94342913
RUE;Rue Abbé Gringoz;ABBE GRINGOZ;GRINGOZ;53570478
RUE;Rue Abbé Grégoire;ABBE GREGOIRE;GREGOIRE;133132943
RUE;Rue Abbé Pierre;ABBE PIERRE;PIERRE;255737041
RUE;Rue Aimé Cotton;AIME COTTON;COTTON;38597011
RUE;Rue Alain Lesage;ALAIN LESAGE;LESAGE;53570468
RUE;Rue Alain Mimoun;ALAIN MIMOUN;MIMOUN;263837001
RUE;Rue Albert 1er;ALBERT 1ER;1ER;53568570,94350869
RUE;Rue Albert Camus;ALBERT CAMUS;CAMUS;112580411
RUE;Rue Alexandre Dumas;ALEXANDRE DUMAS;DUMAS;263837002
RUE;Rue Alfred Bertholet;ALFRED BERTHOLET;BERTHOLET;133036981
RUE;Rue Alfred Blanchet;ALFRED BLANCHET;BLANCHET;145096267
RUE;Rue Alfred Chanut;ALFRED CHANUT;CHANUT;53568553
RUE;Rue Alfred de Vigny;ALFRED DE VIGNY;VIGNY;28902808,28902809,132075802
RUE;Rue Alphonse Dupont;ALPHONSE DUPONT;DUPONT;133037543
RUE;Rue Alphonse Mas;ALPHONSE MAS;MAS;7999278
RUE;Rue Alphonse de Lamartine;ALPHONSE DE LAMARTINE;LAMARTINE;28902807
RUE;Rue Ambroise Thomas;AMBROISE THOMAS;THOMAS;112975770
RUE;Rue Ampère;AMPERE;AMPERE;28902794
RUE;Rue Amédée Fornet;AMEDEE FORNET;FORNET;108259629,163963573
RUE;Rue André Utter;ANDRE UTTER;UTTER;255737042
RUE;Rue André-Charles Boulle;ANDRE CHARLES BOULLE;BOULLE;95067211
RUE;Rue Anthony Viot;ANTHONY VIOT;VIOT;132614673
RUE;Rue Antoine Belaysoud;ANTOINE BELAYSOUD;BELAYSOUD;133029715
RUE;Rue Antoine Lorin;ANTOINE LORIN;LORIN;38596963
RUE;Rue Antoine Ritti;ANTOINE RITTI;RITTI;53570476
RUE;Rue Antoine de Saint-Exupéry;ANTOINE DE SAINT EXUPERY;EXUPERY;133036974
RUE;Rue Archimède;ARCHIMEDE;ARCHIMEDE;133130160
RUE;Rue Aristide Briand;ARISTIDE BRIAND;BRIAND;94891668
RUE;Rue Arthur Durafour;ARTHUR DURAFOUR;DURAFOUR;94736192
RUE;Rue Auguste Perrodin;AUGUSTE PERRODIN;PERRODIN;93335116,95067036
RUE;Rue Auguste Renoir;AUGUSTE RENOIR;RENOIR;113574006
RUE;Rue Baptiste Clément;BAPTISTE CLEMENT;CLEMENT;145124227
RUE;Rue Bara;BARA;BARA;53539630
RUE;Rue Barthélemy Thimonnier;BARTHELEMY THIMONNIER;THIMONNIER;50061257
RUE;Rue Baucent;BAUCENT;BAUCENT;107255089
RUE;Rue Beau Site;BEAU SITE;SITE;53565130
RUE;Rue Beaumarchais;BEAUMARCHAIS;BEAUMARCHAIS;255679287
RUE;Rue Bernard;BERNARD;BERNARD;24357178,94748846
RUE;Rue Bichat;BICHAT;BICHAT;11614041
RUE;Rue Bizet;BIZET;BIZET;112975774
RUE;Rue Bièvre;BIEVRE;BIEVRE;113574021
RUE;Rue Boileau;BOILEAU;BOILEAU;94736187
RUE;Rue Bossuet;BOSSUET;BOSSUET;112580425
RUE;Rue Boulanger;BOULANGER;BOULANGER;53539645
RUE;Rue Bourgmayer;BOURGMAYER;BOURGMAYER;53539648,93592370
RUE;Rue Bouvard;BOUVARD;BOUVARD;105921440
RUE;Rue Branly;BRANLY;BRANLY;94342100
RUE;Rue Brichemer;BRICHEMER;BRICHEMER;107255086
RUE;Rue Brillat-Savarin;BRILLAT SAVARIN;SAVARIN;53539644
RUE;Rue Buffon;BUFFON;BUFFON;112580432
RUE;Rue Chantemerle;CHANTEMERLE;CHANTEMERLE;133036983
RUE;Rue Charles Antonin;CHARLES ANTONIN;ANTONIN;137955223
RUE;Rue Charles Démia;CHARLES DEMIA;DEMIA;112975751,477684983
RUE;Rue Charles Guillon;CHARLES GUILLON;GUILLON;53539660
RUE;Rue Charles Jarrin;CHARLES JARRIN;JARRIN;53539631,94350868,257763551
RUE;Rue Charles Péguy;CHARLES PEGUY;PEGUY;45656853
RUE;Rue Charles Robin;CHARLES ROBIN;ROBIN;7999198
RUE;Rue Charles Tardy;CHARLES TARDY;TARDY;53539620
RUE;Rue Chintreuil;CHINTREUIL;CHINTREUIL;53539639
RUE;Rue Claude Bernard;CLAUDE BERNARD;BERNARD;133029712,310199892
RUE;Rue Claude Debussy;CLAUDE DEBUSSY;DEBUSSY;133130864
RUE;Rue Clavagry;CLAVAGRY;CLAVAGRY;48616261,93592372
RUE;Rue Clément Ader;CLEMENT ADER;ADER;38597039
RUE;Rue Commandant Cousteau;COMMANDANT COUSTEAU;COUSTEAU;247027543
RUE;Rue Comte de Montrevel;COMTE DE MONTREVEL;MONTREVEL;48205318,48205319,48205320,528473504
RUE;Rue Condorcet;CONDORCET;CONDORCET;93591040
RUE;Rue Corneille;CORNEILLE;CORNEILLE;255493104
RUE;Rue Crêve Coeur;CREVE COEUR;COEUR;94891294
RUE;Rue César;CESAR;CESAR;94891299
RUE;Rue Daguerre;DAGUERRE;DAGUERRE;145124238
RUE;Rue Dallemagne;DALLEMAGNE;DALLEMAGNE;53539642
RUE;Rue Danton;DANTON;DANTON;53539629
RUE;Rue Denis Papin;DENIS PAPIN;PAPIN;255493105
RUE;Rue Des Granges Bardes;DES GRANGES BARDES;BARDES;133038244
RUE;Rue Descartes;DESCARTES;DESCARTES;112580412,112580415
RUE;Rue Docteur Roux;DOCTEUR ROUX;ROUX;93336552
RUE;Rue Edgar Quinet;EDGAR QUINET;QUINET;7999182
RUE;Rue Edith Piaf;EDITH PIAF;PIAF;45652063
RUE;Rue Edouard Manet;EDOUARD MANET;MANET;113574049
RUE;Rue Eme;EME;EME;141344946
RUE;Rue Ernest Chaudouet;ERNEST CHAUDOUET;CHAUDOUET;93208532
RUE;Rue Eugène Dubois;EUGENE DUBOIS;DUBOIS;105722487
RUE;Rue François Arago;FRANCOIS ARAGO;ARAGO;93726118,436970466
RUE;Rue François Villon;FRANCOIS VILLON;VILLON;112580430
RUE;Rue Frobert;FROBERT;FROBERT;107255085,107255091
RUE;Rue Frédéric Mistral;FREDERIC MISTRAL;MISTRAL;113971198,193476466,193476477,203146895
RUE;Rue Félicien Proust;FELICIEN PROUST;PROUST;38596954
RUE;Rue Gabriel Vicaire;GABRIEL VICAIRE;VICAIRE;255619152
RUE;Rue Gabriel et Charles Voisin;GABRIEL ET CHARLES VOISIN;VOISIN;93336548
RUE;Rue Gambetta;GAMBETTA;GAMBETTA;255619153
RUE;Rue Gaspard Monge;GASPARD MONGE;MONGE;145100451,175699676
RUE;Rue Georges Brassens;GEORGES BRASSENS;BRASSENS;53565127
RUE;Rue Georges Courteline;GEORGES COURTELINE;COURTELINE;105921419
RUE;Rue Georges Cuvier;GEORGES CUVIER;CUVIER;133130159
RUE;Rue Georges Guynemer;GEORGES GUYNEMER;GUYNEMER;94342474
RUE;Rue Georges Loiseau;GEORGES LOISEAU;LOISEAU;265485970
RUE;Rue Girod de l'Ain;GIROD DE L AIN;AIN;105921427,105921444
RUE;Rue Gounod;GOUNOD;GOUNOD;112975750,112975762
RUE;Rue Guichard;GUICHARD;GUICHARD;28902754
RUE;Rue Guichenon;GUICHENON;GUICHENON;7999277
RUE;Rue Gustave Doré;GUSTAVE DORE;DORE;7999143
RUE;Rue Gustave Leger;GUSTAVE LEGER;LEGER;133036985
RUE;Rue Général Delestraint;GENERAL DELESTRAINT;DELESTRAINT;28902810,112975763
RUE;Rue Général Vadot;GENERAL VADOT;VADOT;48616248
RUE;Rue Haroun Tazief;HAROUN TAZIEF;TAZIEF;382837554
RUE;Rue Hector Berlioz;HECTOR BERLIOZ;BERLIOZ;133130881
RUE;Rue Henri Dunant;HENRI DUNANT;DUNANT;45656847
RUE;Rue Henri Groboz;HENRI GROBOZ;GROBOZ;94749519
RUE;Rue Henri Grosjean;HENRI GROSJEAN;GROSJEAN;255737043
RUE;Rue Henri de Boissieu;HENRI DE BOISSIEU;BOISSIEU;175699683,489267408
RUE;Rue Honoré d'Urfé;HONORE D URFE;URFE;112580426
RUE;Rue Honoré de Balzac;HONORE DE BALZAC;BALZAC;112580407
RUE;Rue Hélène Boucher;HELENE BOUCHER;BOUCHER;175699677
RUE;Rue Jacques Brel;JACQUES BREL;BREL;53565135
RUE;Rue Jacques Prévert;JACQUES PREVERT;PREVERT;53565134
RUE;Rue Jean Gutenberg;JEAN GUTENBERG;GUTENBERG;255911682
RUE;Rue Jean Marie Goujon;JEAN MARIE GOUJON;GOUJON;53568543
RUE;Rue Jean Morgon;JEAN MORGON;MORGON;50061256,116776142,116776143
RUE;Rue Jean Moulin;JEAN MOULIN;MOULIN;45656850,53565104,53568535,528473501
RUE;Rue Jean Puthet;JEAN PUTHET;PUTHET;94342478
RUE;Rue Jean Rostand;JEAN ROSTAND;ROSTAND;133029731,310199891
RUE;Rue Jean-Louis Carra;JEAN LOUIS CARRA;CARRA;53568561
RUE;Rue Jean-Louis Massot;JEAN LOUIS MASSOT;MASSOT;113574017
RUE;Rue Joachim du Bellay;JOACHIM DU BELLAY;BELLAY;112580427
RUE;Rue Joannès Son;JOANNES SON;SON;178312922,621838135,621838136
RUE;Rue Joseph Bernier;JOSEPH BERNIER;BERNIER;94527011
RUE;Rue Joseph Brossard;JOSEPH BROSSARD;BROSSARD;38597014
RUE;Rue Joseph Cugnot;JOSEPH CUGNOT;CUGNOT;93335115
RUE;Rue Joseph Egleme;JOSEPH EGLEME;EGLEME;145096264
RUE;Rue Joseph Jacquard;JOSEPH JACQUARD;JACQUARD;50061258
RUE;Rue Joseph Mandrillon;JOSEPH MANDRILLON;MANDRILLON;224589375,224589376,255911683
RUE;Rue Jules Baux;JULES BAUX;BAUX;53565106
RUE;Rue Jules Belley;JULES BELLEY;BELLEY;133038253
RUE;Rue Jules Guérin;JULES GUERIN;GUERIN;53570484,299978953
RUE;Rue Jules Migonney;JULES MIGONNEY;MIGONNEY;7999148
RUE;Rue Julien Tiersot;JULIEN TIERSOT;TIERSOT;94339063
RUE;Rue Julien et Marius Roche;JULIEN ET MARIUS ROCHE;ROCHE;145124231
RUE;Rue Juliette Récamier;JULIETTE RECAMIER;RECAMIER;45656845,48206716
RUE;Rue La Fontaine;LA FONTAINE;FONTAINE;38596956
RUE;Rue Lalande;LALANDE;LALANDE;53539643,93592373
RUE;Rue Langevin;LANGEVIN;LANGEVIN;145124246
RUE;Rue Largillière;LARGILLIERE;LARGILLIERE;53539623
RUE;Rue Lavoisier;LAVOISIER;LAVOISIER;53539612
RUE;Rue Lazare-Carnot;LAZARE CARNOT;CARNOT;53539638,621836990,621836991
RUE;Rue Lenormand;LENORMAND;LENORMAND;133038254
RUE;Rue Littré;LITTRE;LITTRE;28902778,94749504,94749750
RUE;Rue Louis Blériot;LOUIS BLERIOT;BLERIOT;45656851,175699679,621838131,621838132
RUE;Rue Louis Braille;LOUIS BRAILLE;BRAILLE;252761759
RUE;Rue Louis Leygue;LOUIS LEYGUE;LEYGUE;53565128,53565129
RUE;Rue Louis Mouthier;LOUIS MOUTHIER;MOUTHIER;38597026
RUE;Rue Louise Chevrier;LOUISE CHEVRIER;CHEVRIER;48206723,141466839,141466850
RUE;Rue Lucien Brazier;LUCIEN BRAZIER;BRAZIER;145096258
RUE;Rue Léo Ferré;LEO FERRE;FERRE;113557771
RUE;Rue Léon Perrin;LEON PERRIN;PERRIN;112975767,611313079
RUE;Rue Léopold Le Hon;LEOPOLD LE HON;HON;112975755
RUE;Rue Léopold Sédar Senghor;LEOPOLD SEDAR SENGHOR;SENGHOR;133036982,621838134
RUE;Rue Magenta;MAGENTA;MAGENTA;93336550
RUE;Rue Malherbe;MALHERBE;MALHERBE;112580410
RUE;Rue Marc Seguin;MARC SEGUIN;SEGUIN;95067209
RUE;Rue Marcelin Berthelot;MARCELIN BERTHELOT;BERTHELOT;94342473,132614196
RUE;Rue Marcelle Duchamp;MARCELLE DUCHAMP;DUCHAMP;192548617
RUE;Rue Marguerite d'Autriche;MARGUERITE D AUTRICHE;AUTRICHE;255927009
RUE;Rue Marguerite de Bourbon;MARGUERITE DE BOURBON;BOURBON;113575779
RUE;Rue Maria Geral;MARIA GERAL;GERAL;53539641,611313085,611313092
RUE;Rue Marius Berliet;MARIUS BERLIET;BERLIET;133130877
RUE;Rue Marquise de Sévigné;MARQUISE DE SEVIGNE;SEVIGNE;112580420
RUE;Rue Maryse Bastié;MARYSE BASTIE;BASTIE;133131785
RUE;Rue Maréchal De Lattre De Tassigny;MARECHAL DE LATTRE DE TASSIGNY;TASSIGNY;93336551
RUE;Rue Maréchal Foch;MARECHAL FOCH;FOCH;28902757
RUE;Rue Massena;MASSENA;MASSENA;94342099
RUE;Rue Massenet;MASSENET;MASSENET;53539628
RUE;Rue Maurice Diethelm;MAURICE DIETHELM;DIETHELM;38597010
RUE;Rue Maurice Utrillo;MAURICE UTRILLO;UTRILLO;113574030
RUE;Rue Michel Pesce;MICHEL PESCE;PESCE;145124226
RUE;Rue Molière;MOLIERE;MOLIERE;38596960
RUE;Rue Montaigne;MONTAIGNE;MONTAIGNE;112580422
RUE;Rue Montesquieu;MONTESQUIEU;MONTESQUIEU;94736176,528473491
RUE;Rue Ney;NEY;NEY;94342097
RUE;Rue Nicolas Faret;NICOLAS FARET;FARET;51183367
RUE;Rue Niepce;NIEPCE;NIEPCE;145124230
RUE;Rue Nodet;NODET;NODET;94720406,128623004
RUE;Rue Notre-Dame;NOTRE DAME;DAME;7999234
RUE;Rue Octave Morel;OCTAVE MOREL;MOREL;48247145,141322611
RUE;Rue Pablo Picasso;PABLO PICASSO;PICASSO;53570483,94356913
RUE;Rue Pardaillan;PARDAILLAN;PARDAILLAN;223455852
RUE;Rue Parmentier;PARMENTIER;PARMENTIER;133029724,133029732
RUE;Rue Pascal;PASCAL;PASCAL;145000847
RUE;Rue Pasteur;PASTEUR;PASTEUR;7999286
RUE;Rue Paul Doumer;PAUL DOUMER;DOUMER;133037537
RUE;Rue Paul Painlevé;PAUL PAINLEVE;PAINLEVE;133131771
RUE;Rue Paul Pioda;PAUL PIODA;PIODA;28902756
RUE;Rue Paul Verlaine;PAUL VERLAINE;VERLAINE;94338739
RUE;Rue Paul Émile Victor;PAUL EMILE VICTOR;VICTOR;193476475
RUE;Rue Peter Fink;PETER FINK;FINK;45583764
RUE;Rue Philibert le Beau;PHILIBERT LE BEAU;BEAU;113575759,113575780
RUE;Rue Philippe Le Bon;PHILIPPE LE BON;BON;53539618
RUE;Rue Pierre Gauthier;PIERRE GAUTHIER;GAUTHIER;113574007
RUE;Rue Pierre Granet;PIERRE GRANET;GRANET;53539632
RUE;Rue Pierre Terrasson;PIERRE TERRASSON;TERRASSON;38596958,38597045,38597046
RUE;Rue Point du Jour;POINT DU JOUR;JOUR;53539613
RUE;Rue Pompe Bourgmayer;POMPE BOURGMAYER;BOURGMAYER;48616265
RUE;Rue Prosper Convert;PROSPER CONVERT;CONVERT;94891303
RUE;Rue Prosper Neyraud;PROSPER NEYRAUD;NEYRAUD;53539634
RUE;Rue Prévoté;PREVOTE;PREVOTE;28902758
RUE;Rue Rabelais;RABELAIS;RABELAIS;94736185
RUE;Rue Racine;RACINE;RACINE;112580433
RUE;Rue Radior;RADIOR;RADIOR;133130882
RUE;Rue Raymond Poincaré;RAYMOND POINCARE;POINCARE;133037541,141466853
RUE;Rue René Cassin;RENE CASSIN;CASSIN;53539649
RUE;Rue Reyer;REYER;REYER;112975746
RUE;Rue Rhin et Danube;RHIN ET DANUBE;DANUBE;145124241
RUE;Rue Robert Schuman;ROBERT SCHUMAN;SCHUMAN;48205317,51183416,51183417
RUE;Rue Romain Rolland;ROMAIN ROLLAND;ROLLAND;7999167
RUE;Rue Ronsard;RONSARD;RONSARD;265485972
RUE;Rue Saint-Antoine;SAINT ANTOINE;ANTOINE;53539615
RUE;Rue Saint-Isidore;SAINT ISIDORE;ISIDORE;145000861
RUE;Rue Saint-Pierre Chanel;SAINT PIERRE CHANEL;CHANEL;133131768
RUE;Rue Saint-Roch;SAINT ROCH;ROCH;94338562,145417257
RUE;Rue Samaritaine;SAMARITAINE;SAMARITAINE;11613880
RUE;Rue Santos Dumont;SANTOS DUMONT;DUMONT;133036975
RUE;Rue Suzanne Valadon;SUZANNE VALADON;VALADON;113574013
RUE;Rue Teynière;TEYNIERE;TEYNIERE;11326359,621836992
RUE;Rue Thomas Riboud;THOMAS RIBOUD;RIBOUD;103650964
RUE;Rue Théodore Monod;THEODORE MONOD;MONOD;193476481
RUE;Rue Tiecelin;TIECELIN;TIECELIN;107255088
RUE;Rue Tony Ferret;TONY FERRET;FERRET;53539635,370108953
RUE;Rue Traversière;TRAVERSIERE;TRAVERSIERE;28902755
RUE;Rue Valmy;VALMY;VALMY;133033395
RUE;Rue Vaugelas;VAUGELAS;VAUGELAS;175699957
RUE;Rue Viala;VIALA;VIALA;53539622
RUE;Rue Victor Basch;VICTOR BASCH;BASCH;202295060
RUE;Rue Victor Faguet;VICTOR FAGUET;FAGUET;133131764
RUE;Rue Villeneuve;VILLENEUVE;VILLENEUVE;53539636
RUE;Rue Xavier Privas;XAVIER PRIVAS;PRIVAS;94891297
RUE;Rue Yves Montand;YVES MONTAND;MONTAND;113574043
RUE;Rue d'Auvergne;D AUVERGNE;AUVERGNE;113970697
RUE;Rue d'Espagne;D ESPAGNE;ESPAGNE;48616260
RUE;Rue d'Ypres;D YPRES;YPRES;53539614
RUE;Rue de Bourgogne;DE BOURGOGNE;BOURGOGNE;113970686,113970698
RUE;Rue de Bouvent;DE BOUVENT;BOUVENT;38517503,38517538
RUE;Rue de Brzeg;DE BRZEG;BRZEG;133131760
RUE;Rue de Calidon;DE CALIDON;CALIDON;116776144
RUE;Rue de Carthage;DE CARTHAGE;CARTHAGE;53539621
RUE;Rue de Champagne;DE CHAMPAGNE;CHAMPAGNE;113970687
RUE;Rue de Chateaubriand;DE CHATEAUBRIAND;CHATEAUBRIAND;175699678
RUE;Rue de Cordoue;DE CORDOUE;CORDOUE;113574034
RUE;Rue de Crouy;DE CROUY;CROUY;112580418,112580429,132075803
RUE;Rue de Cuiron;DE CUIRON;CUIRON;38597044,141466847
RUE;Rue de Fenille;DE FENILLE;FENILLE;53539658
RUE;Rue de Franche-Comté;DE FRANCHE COMTE;COMTE;113969794
RUE;Rue de Jemmapes;DE JEMMAPES;JEMMAPES;133033391
RUE;Rue de Loeze;DE LOEZE;LOEZE;94358719,244832884,244832885
RUE;Rue de Malivert;DE MALIVERT;MALIVERT;11245589
RUE;Rue de Maupertuis;DE MAUPERTUIS;MAUPERTUIS;107255092,113574011
RUE;Rue de Mogador;DE MOGADOR;MOGADOR;193476459
RUE;Rue de Montholon;DE MONTHOLON;MONTHOLON;94342475
RUE;Rue de Pennessuy;DE PENNESSUY;PENNESSUY;113575869
RUE;Rue de Savoie;DE SAVOIE;SAVOIE;113970695
RUE;Rue de Solférino;DE SOLFERINO;SOLFERINO;133033394
RUE;Rue de Touraine;DE TOURAINE;TOURAINE;113970683
RUE;Rue de Varenne;DE VARENNE;VARENNE;48616244
RUE;Rue de l'Alagnier;DE L ALAGNIER;ALAGNIER;113969596,113969597,113969598,113969599,113969601,113969602,113969604,389693126,389693131
RUE;Rue de l'Astragale;DE L ASTRAGALE;ASTRAGALE;193476480
RUE;Rue de l'Aubépin;DE L AUBEPIN;AUBEPIN;94342472,132614195
RUE;Rue de l'Essart;DE L ESSART;ESSART;333905413
RUE;Rue de l'Est;DE L EST;EST;38517570
RUE;Rue de l'Industrie;DE L INDUSTRIE;INDUSTRIE;48247149
RUE;Rue de l'École;DE L ECOLE;ECOLE;141322609
RUE;Rue de l'École Normale;DE L ECOLE NORMALE;NORMALE;80736642
RUE;Rue de l'Étoile;DE L ETOILE;ETOILE;11326420,568131605
RUE;Rue de la Basilique;DE LA BASILIQUE;BASILIQUE;28902793,132075804,369604887
RUE;Rue de la Bibliothèque;DE LA BIBLIOTHEQUE;BIBLIOTHEQUE;11326779
RUE;Rue de la Butte;DE LA BUTTE;BUTTE;38597034,38597035,38597037,323101961
RUE;Rue de la Chambière;DE LA CHAMBIERE;CHAMBIERE;93591041,93591042,93591043,265886223
RUE;Rue de la Chartreuse;DE LA CHARTREUSE;CHARTREUSE;38596992,528473487
RUE;Rue de la Citadelle;DE LA CITADELLE;CITADELLE;7999281,332060766
RUE;Rue de la Correrie;DE LA CORRERIE;CORRERIE;94720421
RUE;Rue de la Croix Blanche;DE LA CROIX BLANCHE;BLANCHE;53568527,53568537,53568544,53568577,53568579,192548615,202449365
RUE;Rue de la Fraternité;DE LA FRATERNITE;FRATERNITE;53539619,163963574
RUE;Rue de la Grenouillère;DE LA GRENOUILLERE;GRENOUILLERE;48247144,141322603
RUE;Rue de la Liberté;DE LA LIBERTE;LIBERTE;28902811
RUE;Rue de la Muette;DE LA MUETTE;MUETTE;112580419
RUE;Rue de la Paix;DE LA PAIX;PAIX;53539625
RUE;Rue de la Petite Hollande;DE LA PETITE HOLLANDE;HOLLANDE;94736206
RUE;Rue de la Prison;DE LA PRISON;PRISON;48616264
RUE;Rue de la Prévoyance;DE LA PREVOYANCE;PREVOYANCE;94736183
RUE;Rue de la République;DE LA REPUBLIQUE;REPUBLIQUE;28902749
RUE;Rue de la Vielle;DE LA VIELLE;VIELLE;133130886
RUE;Rue des Acacias;DES ACACIAS;ACACIAS;133038243,133038247
RUE;Rue des Arbelles;DES ARBELLES;ARBELLES;53539627,611313095,611313098
RUE;Rue des Aulnes;DES AULNES;AULNES;145419540
RUE;Rue des Aéroplanes;DES AEROPLANES;AEROPLANES;38597019,313253806,313253818,313253819
RUE;Rue des Baudières;DES BAUDIERES;BAUDIERES;53570470,53570481
RUE;Rue des Blanchisseries;DES BLANCHISSERIES;BLANCHISSERIES;93335120
RUE;Rue des Bolets;DES BOLETS;BOLETS;38517566,38517568
RUE;Rue des Bons Enfants;DES BONS ENFANTS;ENFANTS;28902759
RUE;Rue des Cartellets;DES CARTELLETS;CARTELLETS;38517609,38517610
RUE;Rue des Casernes;DES CASERNES;CASERNES;11613367,94350866
RUE;Rue des Cerisiers;DES CERISIERS;CERISIERS;112975781
RUE;Rue des Chanterelles;DES CHANTERELLES;CHANTERELLES;38517608
RUE;Rue des Chardonnerets;DES CHARDONNERETS;CHARDONNERETS;113575870
RUE;Rue des Charmes;DES CHARMES;CHARMES;112795372
RUE;Rue des Charmettes;DES CHARMETTES;CHARMETTES;51183376,51183377,51183385,51183386,51183388,51183389
RUE;Rue des Chrysanthèmes;DES CHRYSANTHEMES;CHRYSANTHEMES;45646961,48205315,48205316,48206717,48206721,424361560,528473507
RUE;Rue des Chênes;DES CHENES;CHENES;145411383
RUE;Rue des Compagnons;DES COMPAGNONS;COMPAGNONS;137962055,255679290
RUE;Rue des Crêts;DES CRETS;CRETS;93335104,93335272,93335273,239596873,257762352
RUE;Rue des Cèdres;DES CEDRES;CEDRES;38597021,38597030
RUE;Rue des Dîmes;DES DIMES;DIMES;53568528,53568529,53568571,53568572,141347517,156268007,527766536
RUE;Rue des Fauvettes;DES FAUVETTES;FAUVETTES;134796258,313248725
RUE;Rue des Fontanettes;DES FONTANETTES;FONTANETTES;28902779
RUE;Rue des Fougères;DES FOUGERES;FOUGERES;156268012
RUE;Rue des Frères Lumière;DES FRERES LUMIERE;LUMIERE;133036964
RUE;Rue des Frères Serpolet;DES FRERES SERPOLET;SERPOLET;45656843
RUE;Rue des Frênes;DES FRENES;FRENES;112795373
RUE;Rue des Genêts;DES GENETS;GENETS;93208538
RUE;Rue des Glycines;DES GLYCINES;GLYCINES;160731509
RUE;Rue des Graves;DES GRAVES;GRAVES;53539646,53539654
RUE;Rue des Hauts de Challes;DES HAUTS DE CHALLES;CHALLES;113574048
RUE;Rue des Hirondelles;DES HIRONDELLES;HIRONDELLES;112794591
RUE;Rue des Joncs;DES JONCS;JONCS;53565132
RUE;Rue des Lavandières;DES LAVANDIERES;LAVANDIERES;133037540
RUE;Rue des Lazaristes;DES LAZARISTES;LAZARISTES;94339065,94342964
RUE;Rue des Lilas;DES LILAS;LILAS;255493106
RUE;Rue des Marguerites;DES MARGUERITES;MARGUERITES;94339158
RUE;Rue des Marronniers;DES MARRONNIERS;MARRONNIERS;94884759,94884761
RUE;Rue des Menetriers;DES MENETRIERS;MENETRIERS;133130875
RUE;Rue des Mousserons;DES MOUSSERONS;MOUSSERONS;112975757,363819850
RUE;Rue des Muriers;DES MURIERS;MURIERS;264982465
RUE;Rue des Myosotis;DES MYOSOTIS;MYOSOTIS;133130870
RUE;Rue des Naturalistes;DES NATURALISTES;NATURALISTES;112580421
RUE;Rue des Ormeaux;DES ORMEAUX;ORMEAUX;38597028
RUE;Rue des Pervenches;DES PERVENCHES;PERVENCHES;105919308
RUE;Rue des Petites Vennes;DES PETITES VENNES;VENNES;38597024
RUE;Rue des Peupliers;DES PEUPLIERS;PEUPLIERS;53565136
RUE;Rue des Prés de Brou;DES PRES DE BROU;BROU;53570472,53570845,53570846
RUE;Rue des Remparts;DES REMPARTS;REMPARTS;234780573
RUE;Rue des Rippes Brûlées;DES RIPPES BRULEES;BRULEES;113969594
RUE;Rue des Sources;DES SOURCES;SOURCES;113574009
RUE;Rue des Sycomores;DES SYCOMORES;SYCOMORES;112795614
RUE;Rue des Tilleuls;DES TILLEULS;TILLEULS;145126945
RUE;Rue des Tourterelles;DES TOURTERELLES;TOURTERELLES;112794593
RUE;Rue des Tulipes;DES TULIPES;TULIPES;105722494
RUE;Rue des Vavres;DES VAVRES;VAVRES;94339064
RUE;Rue des Violettes;DES VIOLETTES;VIOLETTES;133132946
RUE;Rue des Écureuils;DES ECUREUILS;ECUREUILS;38597032
RUE;Rue des Églantines;DES EGLANTINES;EGLANTINES;145125342
RUE;Rue des Érables;DES ERABLES;ERABLES;145419538
RUE;Rue du 14 Juillet 1789;DU 14 JUILLET 1789;1789;53568548
RUE;Rue du 19 Mars 1962;DU 19 MARS 1962;1962;53539640
RUE;Rue du 23e R.I.;DU 23E R I;I;93208521
RUE;Rue du 4 Septembre;DU 4 SEPTEMBRE;SEPTEMBRE;7999200,235884915
RUE;Rue du Berry;DU BERRY;BERRY;113970694
RUE;Rue du Bourbonnais;DU BOURBONNAIS;BOURBONNAIS;113970690
RUE;Rue du Clair Matin;DU CLAIR MATIN;MATIN;255911684
RUE;Rue du Colonel Joseph Gastaldo;DU COLONEL JOSEPH GASTALDO;GASTALDO;105919561
RUE;Rue du Comte de la Teyssonnière;DU COMTE DE LA TEYSSONNIERE;TEYSSONNIERE;94342476
RUE;Rue du Cordier;DU CORDIER;CORDIER;53570477
RUE;Rue du Dauphiné;DU DAUPHINE;DAUPHINE;113969795
RUE;Rue du Docteur Bouveret;DU DOCTEUR BOUVERET;BOUVERET;53568559
RUE;Rue du Docteur Duby;DU DOCTEUR DUBY;DUBY;95067037
RUE;Rue du Docteur Ebrard;DU DOCTEUR EBRARD;EBRARD;11326550,621836993
RUE;Rue du Docteur Hudellet;DU DOCTEUR HUDELLET;HUDELLET;28902760,93593107
RUE;Rue du Docteur Temporal;DU DOCTEUR TEMPORAL;TEMPORAL;133036973
RUE;Rue du Docteur Touillon;DU DOCTEUR TOUILLON;TOUILLON;53570479
RUE;Rue du Docteur Victor Nodet;DU DOCTEUR VICTOR NODET;NODET;53539647,94720409
RUE;Rue du Grand Challes;DU GRAND CHALLES;CHALLES;48205313,528473510
RUE;Rue du Général Debeney;DU GENERAL DEBENEY;DEBENEY;11613727
RUE;Rue du Général Logerot;DU GENERAL LOGEROT;LOGEROT;53539650
RUE;Rue du Limousin;DU LIMOUSIN;LIMOUSIN;113970679
RUE;Rue du Luxembourg;DU LUXEMBOURG;LUXEMBOURG;53568565
RUE;Rue du Lycée;DU LYCEE;LYCEE;7999146
RUE;Rue du Manège;DU MANEGE;MANEGE;93736684,501589105
RUE;Rue du Maréchal Joffre;DU MARECHAL JOFFRE;JOFFRE;24357181
RUE;Rue du Mont Myon;DU MONT MYON;MYON;45654379,45654765,48205321
RUE;Rue du Moulin de Brou;DU MOULIN DE BROU;BROU;51183391,311402535,311402540
RUE;Rue du Muguet;DU MUGUET;MUGUET;133130884
RUE;Rue du Nivernais;DU NIVERNAIS;NIVERNAIS;113970699
RUE;Rue du Palais;DU PALAIS;PALAIS;28902707
RUE;Rue du Pavillon;DU PAVILLON;PAVILLON;93336549,492881745
RUE;Rue du Pavé d'Amour;DU PAVE D AMOUR;AMOUR;48247146
RUE;Rue du Peloux;DU PELOUX;PELOUX;94342477
RUE;Rue du Petit Cuiron;DU PETIT CUIRON;CUIRON;38597043
RUE;Rue du Petit Montholon;DU PETIT MONTHOLON;MONTHOLON;48768383
RUE;Rue du Poitou;DU POITOU;POITOU;113970693
RUE;Rue du Pont des Chèvres;DU PONT DES CHEVRES;CHEVRES;93336807
RUE;Rue du Pressoir;DU PRESSOIR;PRESSOIR;53539653,94351165,94351166
RUE;Rue du Pré Georges;DU PRE GEORGES;GEORGES;113575752,134027180,134027181
RUE;Rue du Pré-Neuf;DU PRE NEUF;NEUF;53565107,53565108,53565124
RUE;Rue du Père Marie-Joseph Lagrange;DU PERE MARIE JOSEPH LAGRANGE;LAGRANGE;24357179
RUE;Rue du Revermont;DU REVERMONT;REVERMONT;45652062,141347519,141347529
RUE;Rue du Rossignol;DU ROSSIGNOL;ROSSIGNOL;112795368,134796262
RUE;Rue du Stand;DU STAND;STAND;28902806,38596965,38597006,38597007,38603393,38603395,38603397,38603401,94350262,94350263
RUE;Rue la Bruyère;LA BRUYERE;BRUYERE;112580417
RUE;Rue Émile Bonnet;EMILE BONNET;BONNET;51183366
RUE;Rue Émilien Cabuchet;EMILIEN CABUCHET;CABUCHET;53539656
RUELLE;Ruelle Marion;MARION;MARION;94749514,94749515,94749517
RUELLE;Ruelle du Bastion;DU BASTION;BASTION;53539661
;Trace des Chasseurs;TRACE DES CHASSEURS;CHASSEURS;189527835,556841191
;Trace du Bosquet;TRACE DU BOSQUET;BOSQUET;112794580
